<?xml version="1.0"?>
<opencv_storage>
<calibration_Time>"2021年01月20日 星期三 20时59分22秒"</calibration_Time>
<nrOfFrames>25</nrOfFrames>
<image_Width>640</image_Width>
<image_Height>480</image_Height>
<board_Width>7</board_Width>
<board_Height>7</board_Height>
<square_Size>2.5500000000000000e+01</square_Size>
<FixAspectRatio>1.</FixAspectRatio>
<!-- flags:  +fix_aspectRatio +fix_principal_point +zero_tangent_dist -->
<flagValue>14</flagValue>
<Camera_Matrix type_id="opencv-matrix">
  <rows>3</rows>
  <cols>3</cols>
  <dt>d</dt>
  <data>
    715.2464 0. 369.6694 0. 709.8434 278.4578 0. 0.
    1.</data></Camera_Matrix>
<Distortion_Coefficients type_id="opencv-matrix">
  <rows>5</rows>
  <cols>1</cols>
  <dt>d</dt>
  <data>
    -0.4988 0.2966 0. 0.
    5.4992137944044970e+00</data></Distortion_Coefficients>
<Avg_Reprojection_Error>4.6343053728368838e-01</Avg_Reprojection_Error>
<Per_View_Reprojection_Errors type_id="opencv-matrix">
  <rows>25</rows>
  <cols>1</cols>
  <dt>f</dt>
  <data>
    6.40041947e-01 7.12229967e-01 5.56356668e-01 6.56532288e-01
    5.22502005e-01 4.55191821e-01 4.46962982e-01 4.87148434e-01
    5.24390399e-01 5.03421009e-01 4.51855481e-01 4.27573711e-01
    4.21471328e-01 3.27799946e-01 3.72843355e-01 3.65885377e-01
    4.38464671e-01 3.32152426e-01 3.31479877e-01 3.65449607e-01
    4.05678928e-01 3.88925374e-01 4.12928700e-01 3.66402358e-01
    3.92953694e-01</data></Per_View_Reprojection_Errors>
<!-- a set of 6-tuples (rotation vector + translation vector) for each view -->
<Extrinsic_Parameters type_id="opencv-matrix">
  <rows>25</rows>
  <cols>6</cols>
  <dt>d</dt>
  <data>
    6.6543666749196251e-01 4.7290720184028356e-01 1.5116913951491215e+00
    2.2760735560259195e+02 -1.9362422785921405e+02
    6.2945240470850592e+02 5.0098425607805397e-01 2.5372891729249936e-01
    1.5090317369399704e+00 1.9779825789105163e+02
    -1.9037143580094332e+02 6.2665257000966585e+02
    7.5510792072214405e-01 -2.4359279688689778e-01
    3.0138496738131719e+00 2.0662545845298962e+02
    -3.8944276589645710e+01 6.4891165010170801e+02
    5.0551574273867239e-01 2.5859257308105499e-01 1.5077485466098124e+00
    1.9670633144574219e+02 -1.8940929542535019e+02
    6.2549659239739822e+02 5.0333092145108427e-01 2.5970488874999254e-01
    1.5058944457510015e+00 1.9645330436670159e+02
    -1.8874086612870204e+02 6.2531993031284617e+02
    4.0841507912230229e-01 3.4063377593147558e-02 3.0504981614358297e+00
    8.7586851845660206e+01 6.9949308307412807e+01 6.9287009945788407e+02
    4.1430432653492577e-01 1.9673691236166170e-02 3.0459777700513664e+00
    8.8008064346875074e+01 6.9902022071060671e+01 6.9288879632089242e+02
    1.7817684871546444e-01 2.2110857270553874e-01 1.5106494851624828e+00
    7.5098180989984357e+01 -8.1943603991434145e+01
    6.9974862846685926e+02 -7.3966582383811666e-02
    -1.6692396615521743e-01 1.5752591920885400e-01
    -1.1675134579393405e+02 -5.2779106127967438e+01
    5.9919845042330201e+02 -1.3407826502449446e-01
    -1.6565893162639900e-01 1.1077353333755414e-01
    -1.2572172964353794e+02 -5.4678476036185145e+01
    6.0104478770611718e+02 -1.5600706424221289e-01
    -1.7023084829287949e-01 9.7358248252970750e-02
    -1.2983261013230759e+02 -6.0303750561388497e+01
    6.0034933618067089e+02 -1.1587663902087200e-01
    -1.8055848026860155e-01 8.9941149017599684e-02
    -1.2930641207172408e+02 -6.4946368061427478e+01
    6.0040337063062350e+02 6.6996917410749538e-03
    -2.1111429897728570e-01 1.0648771449629311e-01
    -1.2494754962186936e+02 -7.0683689070396838e+01
    6.0008977041001469e+02 -5.7644779729583595e-02
    -2.4994728783631731e-01 1.2195430122296447e-01
    -1.2663765286279401e+02 -7.4451437092987888e+01
    5.9606992839601878e+02 -1.6468239427572587e-01
    -2.7256012544493585e-01 1.5293981833508866e-01
    -1.2903529110063303e+02 -7.0365808908140338e+01
    5.9472754113644419e+02 -1.0749395460448503e-01
    -2.7293739138282036e-01 1.5765897532400922e-01
    -1.2907713402868970e+02 -7.6874781753645209e+01
    6.0016858255483373e+02 -3.0612634235173830e-01
    4.0444124932847408e-01 1.2437452233914105e-01 1.3421656325592855e+02
    5.9058354704619461e+01 7.5950222519740919e+02
    -3.1878801452579147e-01 4.1303059850283302e-01
    1.3684914557421110e-01 1.2964262776616175e+02 5.7796294440261029e+01
    7.5999705682205990e+02 -3.1577530244241753e-01
    4.0432993558696562e-01 1.3781601121035666e-01 1.2360341588254342e+02
    5.4084170843599800e+01 7.5909541524457950e+02
    -3.6255046461370827e-01 3.9172979287402243e-01
    1.4969742510910639e-01 1.0100893074889646e+02 4.3942064572055429e+01
    7.5828818935200638e+02 -3.7497696487640542e-01
    3.9073124249222646e-01 1.6207312617305919e-01 9.8927548571333901e+01
    4.0256750823003010e+01 7.5919713481122642e+02
    -3.8422692797644631e-01 3.9136682217007346e-01
    1.7455778452418902e-01 9.8613585293235062e+01 3.4449175314120936e+01
    7.6068596046075731e+02 -3.8797583334128738e-01
    3.9082241209591478e-01 1.7470121939121591e-01 9.8023594038865497e+01
    3.0577000596235997e+01 7.6052200419380813e+02
    -3.8498500718121992e-01 3.8441826813466223e-01
    1.7220280111406458e-01 9.7742339887504073e+01 2.9062635478145907e+01
    7.6096191854900860e+02 -3.8458094145003036e-01
    3.9091726283442507e-01 1.7254115467554054e-01 9.7609287949878606e+01
    2.7482392811455689e+01 7.5884623700827763e+02</data></Extrinsic_Parameters>
